1193159
1000537
1530211
1072930
1190941
1061245
1450654
1455277
1005221
1112423
1011809
1032539
1474044
1762288
1009760
1000011
1027606
1088341
1040584
1037070
1035366
1085566
1000083
1232770
1792032
1245278
1473014
1282100
2014383
1000347
1838053
1185456
1086009
4364423
1599957
1004436
1000394
1042997
1012146
1050772
1127906
1047553
4656152
1044475
1518902
3614538
4140526
3171661
4451351
1021576
5142605
4245899
3875050
1406980
1013261
2316147
3522877
3754490
1076471
1006569
3174352
3672652
4778114
2810142
1081696
1033401
2826442
1554964
1005469
4246203
1110743
3553027
1100101
